Sample 10
m = 0.1982
s = 0.0197
13x13 Starting Seed:
0.176 0.015 0.130 0.805 0.729 0.321 0.372 0.792 0.566 0.627 0.414 0.127 0.109
0.387 0.813 0.082 0.382 0.270 0.419 0.184 0.214 0.926 0.308 0.293 0.368 0.556
0.346 0.538 0.518 0.787 0.947 0.662 0.140 0.633 0.896 0.148 0.696 0.356 0.738
0.280 0.216 0.251 0.020 0.318 0.438 0.640 0.064 0.591 0.400 0.397 0.037 0.445
0.932 0.583 0.614 0.113 0.156 0.881 0.591 0.626 0.008 0.718 0.837 0.275 0.490
0.538 0.146 0.649 0.051 0.654 0.285 0.059 0.268 0.374 0.009 0.834 0.922 0.881
0.198 0.840 0.864 0.280 0.619 0.456 0.270 0.210 0.441 0.096 0.921 0.869 0.137
0.399 0.448 0.324 0.344 0.732 0.655 0.026 0.489 0.369 0.647 0.440 0.121 0.458
0.701 0.820 0.791 0.613 0.439 0.189 0.215 0.884 0.214 0.021 0.750 0.113 0.707
0.969 0.160 0.110 0.224 0.303 0.567 0.115 0.509 0.866 0.048 0.197 0.075 0.677
0.466 0.343 0.528 0.941 0.502 0.110 0.463 0.307 0.142 0.919 0.952 0.823 0.019
0.630 0.784 0.581 0.505 0.327 0.013 0.927 0.738 0.604 0.880 0.333 0.068 0.471
0.755 0.580 0.943 0.684 0.620 0.925 0.396 0.532 0.660 0.287 0.948 0.377 0.439
